# m (mol/kg), rho (kg/m3)
0.000000000000000000e+00 9.994606035844419978e-01 9.969851534405638205e-01 9.921087757870762358e-01 9.854722233845583101e-01 9.775429819207852589e-01 9.686527033743568271e-01
6.060606060606060774e-02 1.001572574668554871e+00 9.991066278981062254e-01 9.942405014272804875e-01 9.876156309965011815e-01 9.797000909476270003e-01 9.708260818973476480e-01
1.212121212121212155e-01 1.003680344580688555e+00 1.001224112853887460e+00 9.963684860148097622e-01 9.897555822456790553e-01 9.818540667589078508e-01 9.729966938953821254e-01
1.818181818181818232e-01 1.005782610481596562e+00 1.003336157104805393e+00 9.984911103335813998e-01 9.918902651971809314e-01 9.840028737153945215e-01 9.751622410935772978e-01
2.424242424242424310e-01 1.007879002144232539e+00 1.005442346813103516e+00 1.000607911273118988e+00 9.940191604615665755e-01 9.861459274697026434e-01 9.773220633951112957e-01
3.030303030303030387e-01 1.009969343179389023e+00 1.007542483574202175e+00 1.002718665590976999e+00 9.961420165274645910e-01 9.882829440471539995e-01 9.794758392013884762e-01
3.636363636363636465e-01 1.012053536513274787e+00 1.009636457094717832e+00 1.004823248096616384e+00 9.982586913123544514e-01 9.904137620744154491e-01 9.816233849346913676e-01
4.242424242424242542e-01 1.014131525627707919e+00 1.011724202120347416e+00 1.006921583700561174e+00 1.000369098619939834e+00 9.925382827507038819e-01 9.837645874004758983e-01
4.848484848484848619e-01 1.016203277509966751e+00 1.013805679496072587e+00 1.009013626338463476e+00 1.002473184618407620e+00 9.946564434926999931e-01 9.858993741134112199e-01
5.454545454545454142e-01 1.018268773934480231e+00 1.015880866484925926e+00 1.011099348202119330e+00 1.004570915827187605e+00 9.967682044815598941e-01 9.880276981602172937e-01
6.060606060606060774e-01 1.020328006535280885e+00 1.017949751297921868e+00 1.013178733656915798e+00 1.006662272334442054e+00 9.988735410713220908e-01 9.901495296628209930e-01
6.666666666666667407e-01 1.022380973812422322e+00 1.020012329771811332e+00 1.015251775548811741e+00 1.008747243680619521e+00 1.000972439183564378e+00 9.922648506025170123e-01
7.272727272727272929e-01 1.024427679210820452e+00 1.022068603237573203e+00 1.017318472835626153e+00 1.010825826219117207e+00 1.003064892355868487e+00 9.943736515045547009e-01
7.878787878787878451e-01 1.026468129832898146e+00 1.024118577092443694e+00 1.019378829000605391e+00 1.012898021349176503e+00 1.005150899766511507e+00 9.964759292204385943e-01
8.484848484848485084e-01 1.028502335545221413e+00 1.026162259809191957e+00 1.021432850952044280e+00 1.014963834290573352e+00 1.007230464865316311e+00 9.985716853915062030e-01
9.090909090909091717e-01 1.030530308340374512e+00 1.028199662228588496e+00 1.023480548237620802e+00 1.017023273209009204e+00 1.009303594396735893e+00 1.000660925353172859e+00
9.696969696969697239e-01 1.032552061869858928e+00 1.030230797041604029e+00 1.025521932469541708e+00 1.019076348576348101e+00 1.011370297685503461e+00 1.002743657334050909e+00
1.030303030303030276e+00 1.034567611095041251e+00 1.032255678402515198e+00 1.027557016895103814e+00 1.021123072692824207e+00 1.013430586103316600e+00 1.004819891858286685e+00
1.090909090909090828e+00 1.036576972021558518e+00 1.034274321634577110e+00 1.029585816070047954e+00 1.023163459323684243e+00 1.015484472663392923e+00 1.006889641291391024e+00
1.151515151515151603e+00 1.038580161494041088e+00 1.036286743002536648e+00 1.031608345606148003e+00 1.025197523418485357e+00 1.017531971707332339e+00 1.008952919489624511e+00
1.212121212121212155e+00 1.040577197035244650e+00 1.038292959534402815e+00 1.033624621973462832e+00 1.027225280891212567e+00 1.019573098659919186e+00 1.011009741525553673e+00
1.272727272727272707e+00 1.042568096718433424e+00 1.040292988880046510e+00 1.035634662343474677e+00 1.029246748445900694e+00 1.021607869834703086e+00 1.013060123470542528e+00
1.333333333333333481e+00 1.044552879065036466e+00 1.042286849197811005e+00 1.037638484463312638e+00 1.031261943436821094e+00 1.023636302278170263e+00 1.015104082220473103e+00
1.393939393939394034e+00 1.046531562961754869e+00 1.044274559062669194e+00 1.039636106553871953e+00 1.033270883755262659e+00 1.025658413643580236e+00 1.017141635354707585e+00
1.454545454545454586e+00 1.048504167592829495e+00 1.046256137391187169e+00 1.041627547226585682e+00 1.035273587737028933e+00 1.027674222087907152e+00 1.019172801020921559e+00
1.515151515151515138e+00 1.050470712384261152e+00 1.048231603379702337e+00 1.043612825414848899e+00 1.037270074086246163e+00 1.029683746186976112e+00 1.021197597840304283e+00
1.575757575757575690e+00 1.052431216957526727e+00 1.050200976453038226e+00 1.045591960317123315e+00 1.039260361812140765e+00 1.031687004865059487e+00 1.023216044828934246e+00
1.636363636363636465e+00 1.054385701090930771e+00 1.052164276221664085e+00 1.047564971349413954e+00 1.041244470176229120e+00 1.033684017336070626e+00 1.025228161332140120e+00
1.696969696969697017e+00 1.056334184687136801e+00 1.054121522445697012e+00 1.049531878105316451e+00 1.043222418647928640e+00 1.035674803054143167e+00 1.027233966969356205e+00
1.757575757575757569e+00 1.058276687745730582e+00 1.056072735004466079e+00 1.051492700322250506e+00 1.045194226867030451e+00 1.037659381671866221e+00 1.029233481587528143e+00
1.818181818181818343e+00 1.060213230339926094e+00 1.058017933870686322e+00 1.053447457852775937e+00 1.047159914611821563e+00 1.039637773004792543e+00 1.031226725221537022e+00
1.878787878787878896e+00 1.062143832596699422e+00 1.059957139088392619e+00 1.055396170640097164e+00 1.049119501771855534e+00 1.041609997001140098e+00 1.033213718060427277e+00
1.939393939393939448e+00 1.064068514679768374e+00 1.061890370754047908e+00 1.057338858697071782e+00 1.051073008324618696e+00 1.043576073715809516e+00 1.035194480418454965e+00
2.000000000000000000e+00 1.065987296774955295e+00 1.063817649000279086e+00 1.059275542088136568e+00 1.053020454315422683e+00 1.045536023288021310e+00 1.037169032710162364e+00
2.060606060606060552e+00 1.067900199077551182e+00 1.065738993981827365e+00 1.061206240913681764e+00 1.054961859840026106e+00 1.047489865921964025e+00 1.039137395428840316e+00
2.121212121212121104e+00 1.069807241781383977e+00 1.067654425863382883e+00 1.063130975296512570e+00 1.056897245029568833e+00 1.049437621870021653e+00 1.041099589127846503e+00
2.181818181818181657e+00 1.071708445069322835e+00 1.069563964809008727e+00 1.065049765370079671e+00 1.058826630037464023e+00 1.051379311418187523e+00 1.043055634404373544e+00
2.242424242424242653e+00 1.073603829105003182e+00 1.071467630972920526e+00 1.066962631268191464e+00 1.060750035027940186e+00 1.053314954873303178e+00 1.045005551885247908e+00
2.303030303030303205e+00 1.075493414025617156e+00 1.073365444491431342e+00 1.068869593116042349e+00 1.062667480166039180e+00 1.055244572551919280e+00 1.046949362214535384e+00
2.363636363636363757e+00 1.077377219935596431e+00 1.075257425475900641e+00 1.070770671022324372e+00 1.064578985608820139e+00 1.057168184770495012e+00 1.048887086042648908e+00
2.424242424242424310e+00 1.079255266901086419e+00 1.077143594006544580e+00 1.072665885072322300e+00 1.066484571497641420e+00 1.059085811836801616e+00 1.050818744016781103e+00
2.484848484848484862e+00 1.081127574945086156e+00 1.079023970126989029e+00 1.074555255321802516e+00 1.068384257951345839e+00 1.060997474042319588e+00 1.052744356772454593e+00
2.545454545454545414e+00 1.082994164043181939e+00 1.080898573839478294e+00 1.076438801791652855e+00 1.070278065060249917e+00 1.062903191655534041e+00 1.054663944926079289e+00
2.606060606060605966e+00 1.084855054119801432e+00 1.082767425100658043e+00 1.078316544463132631e+00 1.072166012880836128e+00 1.064802984916018769e+00 1.056577529068355226e+00
2.666666666666666963e+00 1.086710265044887436e+00 1.084630543817828752e+00 1.080188503273672662e+00 1.074048121431036895e+00 1.066696874029156694e+00 1.058485129758431453e+00
2.727272727272727515e+00 1.088559816631008204e+00 1.086487949845669654e+00 1.082054698113167790e+00 1.075924410686066368e+00 1.068584879161495582e+00 1.060386767518727735e+00
2.787878787878788067e+00 1.090403728630765512e+00 1.088339662983306200e+00 1.083915148820669749e+00 1.077794900574714276e+00 1.070467020436586036e+00 1.062282462830320462e+00
2.848484848484848619e+00 1.092242020734542018e+00 1.090185702971739445e+00 1.085769875181473942e+00 1.079659610976045236e+00 1.072343317931300888e+00 1.064172236128847926e+00
2.909090909090909172e+00 1.094074712568492425e+00 1.092026089491566543e+00 1.087618896924521295e+00 1.081518561716475979e+00 1.074213791672550933e+00 1.066056107800863462e+00
2.969696969696969724e+00 1.095901823692803312e+00 1.093860842160959468e+00 1.089462233720106754e+00 1.083371772567174540e+00 1.076078461634365269e+00 1.067934098180591151e+00
3.030303030303030276e+00 1.097723373600122176e+00 1.095689980533883334e+00 1.091299905177822493e+00 1.085219263241732346e+00 1.077937347735275608e+00 1.069806227547018596e+00
3.090909090909090828e+00 1.099539381714207842e+00 1.097513524098514326e+00 1.093131930844754907e+00 1.087061053394099197e+00 1.079790469835994582e+00 1.071672516121319640e+00
3.151515151515151381e+00 1.101349867388737858e+00 1.099331492275857469e+00 1.094958330203875896e+00 1.088897162616760284e+00 1.081637847737352276e+00 1.073532984064557549e+00
3.212121212121212377e+00 1.103154849906254897e+00 1.101143904418505404e+00 1.096779122672614459e+00 1.090727610439084394e+00 1.083479501178436832e+00 1.075387651475615325e+00
3.272727272727272929e+00 1.104954348477265924e+00 1.102950779809575677e+00 1.098594327601599696e+00 1.092552416325885511e+00 1.085315449834959090e+00 1.077236538389380271e+00
3.333333333333333481e+00 1.106748382239431283e+00 1.104752137661744849e+00 1.100403964273536594e+00 1.094371599676121853e+00 1.087145713317774876e+00 1.079079664775097314e+00
3.393939393939394034e+00 1.108536970256899457e+00 1.106547997116442028e+00 1.102208051902239028e+00 1.096185179821764555e+00 1.088970311171596039e+00 1.080917050534935031e+00
3.454545454545454586e+00 1.110320131519703102e+00 1.108338377243106798e+00 1.104006609631753566e+00 1.097993176026770268e+00 1.090789262873822052e+00 1.082748715502678705e+00
3.515151515151515138e+00 1.112097884943261672e+00 1.110123297038581702e+00 1.105799656535606301e+00 1.099795607486202753e+00 1.092602587833517491e+00 1.084574679442594558e+00
3.575757575757575690e+00 1.113870249367955534e+00 1.111902775426554468e+00 1.107587211616139822e+00 1.101592493325433963e+00 1.094410305390500771e+00 1.086394962048409241e+00
3.636363636363636687e+00 1.115637243558764480e+00 1.113676831257112365e+00 1.109369293803933898e+00 1.103383852599454373e+00 1.096212434814540782e+00 1.088209582942412101e+00
3.696969696969697239e+00 1.117398886204984398e+00 1.115445483306345631e+00 1.111145921957320315e+00 1.105169704292276567e+00 1.098008995304659674e+00 1.090018561674671593e+00
3.757575757575757791e+00 1.119155195919986134e+00 1.117208750276018625e+00 1.112917114861948109e+00 1.106950067316400776e+00 1.099800005988505136e+00 1.091821917722333390e+00
3.818181818181818343e+00 1.120906191241037853e+00 1.118966650793308260e+00 1.114682891230422079e+00 1.108724960512366131e+00 1.101585485921814600e+00 1.093619670489018869e+00
3.878787878787878896e+00 1.122651890629164928e+00 1.120719203410578402e+00 1.116443269702007468e+00 1.110494402648363188e+00 1.103365454087952502e+00 1.095411839304296864e+00
3.939393939393939448e+00 1.124392312469056243e+00 1.122466426605217338e+00 1.118198268842374388e+00 1.112258412419902420e+00 1.105139929397508158e+00 1.097198443423230918e+00
4.000000000000000000e+00 1.126127475069016226e+00 1.124208338779510319e+00 1.119947907143398869e+00 1.114017008449536661e+00 1.106908930687948267e+00 1.098979502025987820e+00
4.060606060606060552e+00 1.127857396660933098e+00 1.125944958260553852e+00 1.121692203023001655e+00 1.115770209286636838e+00 1.108672476723333800e+00 1.100755034217504313e+00
4.121212121212121104e+00 1.129582095400303965e+00 1.127676303300203076e+00 1.123431174825037404e+00 1.117518033407209677e+00 1.110430586194085967e+00 1.102525059027224863e+00
4.181818181818181657e+00 1.131301589366267457e+00 1.129402392075054440e+00 1.125164840819208534e+00 1.119260499213752480e+00 1.112183277716781937e+00 1.104289595408862956e+00
4.242424242424242209e+00 1.133015896561678781e+00 1.131123242686460806e+00 1.126893219201020813e+00 1.120997625035158096e+00 1.113930569834018502e+00 1.106048662240229907e+00
4.303030303030302761e+00 1.134725034913191877e+00 1.132838873160565418e+00 1.128616328091762488e+00 1.122729429126628542e+00 1.115672481014282624e+00 1.107802278323093415e+00
4.363636363636363313e+00 1.136429022271378875e+00 1.134549301448365410e+00 1.130334185538514724e+00 1.124455929669652132e+00 1.117409029651884378e+00 1.109550462383071867e+00
4.424242424242424754e+00 1.138127876410868655e+00 1.136254545425803508e+00 1.132046809514194674e+00 1.126177144771980387e+00 1.119140234066900996e+00 1.111293233069582831e+00
4.484848484848485306e+00 1.139821615030483848e+00 1.137954622893866841e+00 1.133754217917606111e+00 1.127893092467649350e+00 1.120866112505161771e+00 1.113030608955792422e+00
4.545454545454545858e+00 1.141510255753426684e+00 1.139649551578717945e+00 1.135456428573521137e+00 1.129603790717016221e+00 1.122586683138253605e+00 1.114762608538617528e+00
4.606060606060606410e+00 1.143193816127442197e+00 1.141339349131829328e+00 1.137153459232780328e+00 1.131309257406814872e+00 1.124301964063547876e+00 1.116489250238747788e+00
4.666666666666666963e+00 1.144872313625041604e+00 1.143024033130157546e+00 1.138845327572418853e+00 1.133009510350252658e+00 1.126011973304270164e+00 1.118210552400695112e+00
4.727272727272727515e+00 1.146545765643681714e+00 1.144703621076293309e+00 1.140532051195784824e+00 1.134704567287084576e+00 1.127716728809555091e+00 1.119926533292849635e+00
4.787878787878788067e+00 1.148214189506006511e+00 1.146378130398664652e+00 1.142213647632696283e+00 1.136394445883752713e+00 1.129416248454552019e+00 1.121637211107578969e+00
4.848484848484848619e+00 1.149877602460073200e+00 1.148047578451728334e+00 1.143890134339607512e+00 1.138079163733501487e+00 1.131110550040529183e+00 1.123342603961335451e+00
4.909090909090909172e+00 1.151536021679595567e+00 1.149711982516181452e+00 1.145561528699779563e+00 1.139758738356535961e+00 1.132799651295008925e+00 1.125042729894781379e+00
4.969696969696969724e+00 1.153189464264177566e+00 1.151371359799165495e+00 1.147227848023457453e+00 1.141433187200162180e+00 1.134483569871893138e+00 1.126737606872914466e+00
5.030303030303030276e+00 1.154837947239595319e+00 1.153025727434519254e+00 1.148889109548089760e+00 1.143102527638984123e+00 1.136162323351633141e+00 1.128427252785251689e+00
5.090909090909090828e+00 1.156481487558043142e+00 1.154675102482986881e+00 1.150545330438513814e+00 1.144766776975056466e+00 1.137835929241387101e+00 1.130111685445975178e+00
5.151515151515151381e+00 1.158120102098409765e+00 1.156319501932487448e+00 1.152196527787180624e+00 1.146425952438098861e+00 1.139504404975201668e+00 1.131790922594121396e+00
5.212121212121211933e+00 1.159753807666553893e+00 1.157958942698343652e+00 1.153842718614378482e+00 1.148080071185687334e+00 1.141167767914197384e+00 1.133464981893773649e+00
5.272727272727272485e+00 1.161382620995587311e+00 1.159593441623548493e+00 1.155483919868460108e+00 1.149729150303458347e+00 1.142826035346767410e+00 1.135133880934267037e+00
5.333333333333333925e+00 1.163006558746161989e+00 1.161223015479030396e+00 1.157120148426088679e+00 1.151373206805342164e+00 1.144479224488789804e+00 1.136797637230398728e+00
5.393939393939394478e+00 1.164625637506759182e+00 1.162847680963916774e+00 1.158751421092468537e+00 1.153012257633769577e+00 1.146127352483832906e+00 1.138456268222649559e+00
5.454545454545455030e+00 1.166239873793982307e+00 1.164467454705802263e+00 1.160377754601609412e+00 1.154646319659915266e+00 1.147770436403385386e+00 1.140109791277412965e+00
5.515151515151515582e+00 1.167849284052860703e+00 1.166082353261034266e+00 1.161999165616570018e+00 1.156275409683932942e+00 1.149408493247080276e+00 1.141758223687236340e+00
5.575757575757576134e+00 1.169453884657142728e+00 1.167692393114984295e+00 1.163615670729722495e+00 1.157899544435190053e+00 1.151041539942929681e+00 1.143401582671057737e+00
5.636363636363636687e+00 1.171053691909606842e+00 1.169297590682340182e+00 1.165227286463014433e+00 1.159518740572525575e+00 1.152669593347572574e+00 1.145039885374458555e+00
5.696969696969697239e+00 1.172648722042365366e+00 1.170897962307388074e+00 1.166834029268241091e+00 1.161133014684498255e+00 1.154292670246515051e+00 1.146673148869925329e+00
5.757575757575757791e+00 1.174238991217169570e+00 1.172493524264301978e+00 1.168435915527306967e+00 1.162742383289639525e+00 1.155910787354378133e+00 1.148301390157098867e+00
5.818181818181818343e+00 1.175824515525730751e+00 1.174084292757439973e+00 1.170032961552513795e+00 1.164346862836724394e+00 1.157523961315168659e+00 1.149924626163050467e+00
5.878787878787878896e+00 1.177405310990017551e+00 1.175670283921634862e+00 1.171625183586824326e+00 1.165946469705020805e+00 1.159132208702517763e+00 1.151542873742545270e+00
5.939393939393939448e+00 1.178981393562577251e+00 1.177251513822494822e+00 1.173212597804146329e+00 1.167541220204568964e+00 1.160735546019955322e+00 1.153156149678317366e+00
6.000000000000000000e+00 1.180552779126849750e+00 1.178827998456692505e+00 1.174795220309619470e+00 1.169131130576441580e+00 1.162333989701180625e+00 1.154764470681348687e+00
