# T (K), rho (kg/m3)
2.800000000000000000e+02 1.003079110681562192e+00 1.006544702412202508e+00 1.009994174699104352e+00 1.013426948880551404e+00 1.016842799294552568e+00 1.020241639192909000e+00 1.023623450398329249e+00 1.026988253133661599e+00 1.030336090942089333e+00 1.033667022341956399e+00 1.040278446884927765e+00 1.046823145755352957e+00 1.053301795995180257e+00 1.059715103698921634e+00 1.066063788702787951e+00 1.081657532752105855e+00 1.096863178485183443e+00 1.111691767503559136e+00 1.126154025444788820e+00 1.140260331037322716e+00 1.154020709724074001e+00 1.167444837819836545e+00 1.180542051428788319e+00
2.810101010101009820e+02 1.003051638558435377e+00 1.006518303060905506e+00 1.009968848524774199e+00 1.013402691499865282e+00 1.016819604029594926e+00 1.020219498049927287e+00 1.023602354551488514e+00 1.026968193197456136e+00 1.030317057138545600e+00 1.033649004609805688e+00 1.040262430330464394e+00 1.046809088239348817e+00 1.053289654755521720e+00 1.059704835640181919e+00 1.066055350579526939e+00 1.081653480290603708e+00 1.096863242922022863e+00 1.111695683221225472e+00 1.126161530844473457e+00 1.140271169034369425e+00 1.154034628041423316e+00 1.167461589160583069e+00 1.180561393569926176e+00
2.820202020202020208e+02 1.003008849647731182e+00 1.006476585741696184e+00 1.009928203457754359e+00 1.013363114520994479e+00 1.016781088661847132e+00 1.020182036489042154e+00 1.023565938153154331e+00 1.026932812751665036e+00 1.030282703037986414e+00 1.033615666959825319e+00 1.040231095102744252e+00 1.046779713923529531e+00 1.053262199198127913e+00 1.059679256336537145e+00 1.066031604858642678e+00 1.081634131765711437e+00 1.096848026112773766e+00 1.111684335601259344e+00 1.126153793731110797e+00 1.140266788097664019e+00 1.154033353609183798e+00 1.167463176401082325e+00 1.180565602594696895e+00
2.830303030303030027e+02 1.002951050839935077e+00 1.006419857838233956e+00 1.009872547366609918e+00 1.013308526288722033e+00 1.016727562003507224e+00 1.020129563781035031e+00 1.023514510923904552e+00 1.026882421957936664e+00 1.030233339234492673e+00 1.033567320409971790e+00 1.040184753042202370e+00 1.046735335437766423e+00 1.053219742710089113e+00 1.059638679900883895e+00 1.065992866348216106e+00 1.081599803594637699e+00 1.096817845908997002e+00 1.111658043765753501e+00 1.126131134343704154e+00 1.140247509438993667e+00 1.154017208476630030e+00 1.167449922301020182e+00 1.180555001853780928e+00
2.840404040404040416e+02 1.002878543626270602e+00 1.006348421325432341e+00 1.009802182701806217e+00 1.013239229720497736e+00 1.016659327430309290e+00 1.020062383751211943e+00 1.023448377129938525e+00 1.026817325514752577e+00 1.030169270850287644e+00 1.033504270497765498e+00 1.040123710491996700e+00 1.046676259898239536e+00 1.053162593148795123e+00 1.059583414900816090e+00 1.065939444295843419e+00 1.081550806597868064e+00 1.096773014531705615e+00 1.111617121174768075e+00 1.126093867229997825e+00 1.140213648551831938e+00 1.153986508949763179e+00 1.167422143853857675e+00 1.180529908910613823e+00
2.850505050505050235e+02 1.002791624156176509e+00 1.006262572827254509e+00 1.009717406553806818e+00 1.013155522364834082e+00 1.016576682940226295e+00 1.019980794838405425e+00 1.023367835642376766e+00 1.026737822717012749e+00 1.030090797595621055e+00 1.033426817340468817e+00 1.040048268358755745e+00 1.046602788968748143e+00 1.053091052903814440e+00 1.059513764421068593e+00 1.065871642451608148e+00 1.081487446063458924e+00 1.096713838636949045e+00 1.111561875693152457e+00 1.126042301314493344e+00 1.140165515280506581e+00 1.153941565661581681e+00 1.167380152358173051e+00 1.180490635613765438e+00
2.860606060606060623e+02 1.002690583295536175e+00 1.006162603675234246e+00 1.009618510711893791e+00 1.013057696460418100e+00 1.016479921212880777e+00 1.019885090154672547e+00 1.023273179997248095e+00 1.026644207516311358e+00 1.029998213829330433e+00 1.033335255695918775e+00 1.039958722173991434e+00 1.046515218922669854e+00 1.053005418959386930e+00 1.059430026126537916e+00 1.065789759131639869e+00 1.081410021811896049e+00 1.096640619381906934e+00 1.111492609657835029e+00 1.125976739966879858e+00 1.140103413889739459e+00 1.153882683642696749e+00 1.167324253489311792e+00 1.180437488169577831e+00
2.870707070707070443e+02 1.002575706685538082e+00 1.006048799967626639e+00 1.009505781723608164e+00 1.012946038995848452e+00 1.016369329669556176e+00 1.019775557545591349e+00 1.023164698456062061e+00 1.026536768581793435e+00 1.029891808619971538e+00 1.033229875023944588e+00 1.039855362156034246e+00 1.046413840705438414e+00 1.052905982957438979e+00 1.059332492325818720e+00 1.065694087282161640e+00 1.081318828261371490e+00 1.096553652491361497e+00 1.111409619945452398e+00 1.125897481070792461e+00 1.140027643134474911e+00 1.153810162392191474e+00 1.167254747371230250e+00 1.180370767214963923e+00
2.880808080808080831e+02 1.002447274802127142e+00 1.005921442629148066e+00 1.009379500954769693e+00 1.012820831769923879e+00 1.016245190533769716e+00 1.019652479651106392e+00 1.023042674066936497e+00 1.026415789361546427e+00 1.029771865807474818e+00 1.033110959548285912e+00 1.039738473272497465e+00 1.046298939997523547e+00 1.052793031261064050e+00 1.059221450035190859e+00 1.065584914543965533e+00 1.081214154493478352e+00 1.096453228324562268e+00 1.111313198040324579e+00 1.125804817092850074e+00 1.139938496329954587e+00 1.153724295948688860e+00 1.167171928648519152e+00 1.180290767890350923e+00
2.890909090909090651e+02 1.002305563015949641e+00 1.005780807471191807e+00 1.009239944649963805e+00 1.012682351452411256e+00 1.016107780892305579e+00 1.019516133966834381e+00 1.022907384726158497e+00 1.026281548144428735e+00 1.029638664065247733e+00 1.032978788318951846e+00 1.039608335303138009e+00 1.046170797277794495e+00 1.052666845018393360e+00 1.059097181042968350e+00 1.065462523317254329e+00 1.081096284319214895e+00 1.096339631942341741e+00 1.111203630102659545e+00 1.125699035151898286e+00 1.139836261421947050e+00 1.153625372961533335e+00 1.167076086558509029e+00 1.180197779912661948e+00
2.901010101010101039e+02 1.002150841652741597e+00 1.005627165252489963e+00 1.009087383993473752e+00 1.012530869645234644e+00 1.015957372756670196e+00 1.019366792905776586e+00 1.022759103240160838e+00 1.026134318122299049e+00 1.029492476962642566e+00 1.032833635274944761e+00 1.039465222903084740e+00 1.046029687887237936e+00 1.052527700226786989e+00 1.058959961974176522e+00 1.065327190826770076e+00 1.080965496345244636e+00 1.096213143174476823e+00 1.111081197036942081e+00 1.125580417088402285e+00 1.139721221057112377e+00 1.153513676762078610e+00 1.166967505003432271e+00 1.180092087648330290e+00
2.911111111111110858e+02 1.001983376054095931e+00 1.005460781740132647e+00 1.008922085170558480e+00 1.012366652944012957e+00 1.015794233124884371e+00 1.019204723860359652e+00 1.022598097387813043e+00 1.025974367452560321e+00 1.029333573027755522e+00 1.032675769307302316e+00 1.039309405666353658e+00 1.045875882092956122e+00 1.052375867797300080e+00 1.058810064355468983e+00 1.065179189187174691e+00 1.080822064040376951e+00 1.096074036687199937e+00 1.110946174560470290e+00 1.125449239533942158e+00 1.139593652653410949e+00 1.153389485434979100e+00 1.166846462622574077e+00 1.179973970186255494e+00
2.921212121212121247e+02 1.001803426638526506e+00 1.005281917770893818e+00 1.008744309429030928e+00 1.012189962999888282e+00 1.015618624043554075e+00 1.019030189264761521e+00 1.022424629982988442e+00 1.025801959320963297e+00 1.029162215810472292e+00 1.032505454322377947e+00 1.039141148189608010e+00 1.045709645152371525e+00 1.052211613619342900e+00 1.058647754680239084e+00 1.065018785468589302e+00 1.080666255802159359e+00 1.095922582050824712e+00 1.110798833271941399e+00 1.125305773980733948e+00 1.139453828470519126e+00 1.153253071889470238e+00 1.166713232864352801e+00 1.179843701410671519e+00
2.931313131313131066e+02 1.001611248962797074e+00 1.005090829312811129e+00 1.008554313141077463e+00 1.012001056581588898e+00 1.015430802670183486e+00 1.018843446657452523e+00 1.022238958937347286e+00 1.025617352004627225e+00 1.028978663945711691e+00 1.032322949305320092e+00 1.038960710136087151e+00 1.045531237377618883e+00 1.052035198625511203e+00 1.058473294473871951e+00 1.064846241762279933e+00 1.080498335023599266e+00 1.095759043807442934e+00 1.110639438720082639e+00 1.125150286851158699e+00 1.139302015680223379e+00 1.153104703930563302e+00 1.166568084058315691e+00 1.179701550073885219e+00
2.941414141414141454e+02 1.001407093783444502e+00 1.004887767526937203e+00 1.008352347865254739e+00 1.011800185637665495e+00 1.015231021335635919e+00 1.018644748743900541e+00 1.022041337323263299e+00 1.025420798935196443e+00 1.028783171216822279e+00 1.032128508383687526e+00 1.038768346299663303e+00 1.045340914200025617e+00 1.051846878856492751e+00 1.058286940359081330e+00 1.064661815246393584e+00 1.080318560159887697e+00 1.095583681538596199e+00 1.110468251472248369e+00 1.124983039567223564e+00 1.139138476436696523e+00 1.152944644330130330e+00 1.166411279486967656e+00 1.179547779868826973e+00
2.951515151515151274e+02 1.001191207118436122e+00 1.004672978829241226e+00 1.008138660408623988e+00 1.011587597358847512e+00 1.015019527606730199e+00 1.018434343459383440e+00 1.021832013436869691e+00 1.025212548762102438e+00 1.028575986619049365e+00 1.031922380891140856e+00 1.038564306668965820e+00 1.045138926234664867e+00 1.051646905526031128e+00 1.058088944121266861e+00 1.064465758251728289e+00 1.080127184795137030e+00 1.095396749932931346e+00 1.110285527182937937e+00 1.124804288619918324e+00 1.138963467946662478e+00 1.152773150897813403e+00 1.166243077457403077e+00 1.179382649501375058e+00
2.961616161616161662e+02 1.000963830308929436e+00 1.004446704952594693e+00 1.007913492888956375e+00 1.011363534240484752e+00 1.014796564348890984e+00 1.018212474031862547e+00 1.021611230861149355e+00 1.024992845415877651e+00 1.028357354423071968e+00 1.031704811431182200e+00 1.038348836491535199e+00 1.044925519344910736e+00 1.051435525085887557e+00 1.057879552773883791e+00 1.064258318327469199e+00 1.079924457709045882e+00 1.095198498853762636e+00 1.110091516662207622e+00 1.124614285638431799e+00 1.138777242539371182e+00 1.152590476551742515e+00 1.166063731372727785e+00 1.179206412762432876e+00
2.971717171717171482e+02 1.000725200081066024e+00 1.004209183008787365e+00 1.007677082796974100e+00 1.011128234144992977e+00 1.014562369788823304e+00 1.017979379044877675e+00 1.021379228529029515e+00 1.024761928171454617e+00 1.028127514238507789e+00 1.031476039940874223e+00 1.038122176337947344e+00 1.044700934706966011e+00 1.051212979290754301e+00 1.057659008623720975e+00 1.064039738306862048e+00 1.079710622943478748e+00 1.094989173406500704e+00 1.109886465943914269e+00 1.124413277459167082e+00 1.138580047736363454e+00 1.152396869388996770e+00 1.165873489803179064e+00 1.179019318599687338e+00
2.981818181818181870e+02 1.000475548607764997e+00 1.003960645550535213e+00 1.007429663058574176e+00 1.010881930364303294e+00 1.014317177577158891e+00 1.017735292500390187e+00 1.021136240786449934e+00 1.024520031711437795e+00 1.027886701077386444e+00 1.031236301754508311e+00 1.037884562165876767e+00 1.044465408874306611e+00 1.050979505263075264e+00 1.057427549336105610e+00 1.063810256372763829e+00 1.079485919868885091e+00 1.094769014005906316e+00 1.109670616353764627e+00 1.124201506194554723e+00 1.138372126320981836e+00 1.152192572755792233e+00 1.165672596556958762e+00 1.178821611189053042e+00
2.991919191919191690e+02 1.000215103570475383e+00 1.003701320633443972e+00 1.007171462096997594e+00 1.010624851682226044e+00 1.014061216851038782e+00 1.017480443881575214e+00 1.020882497455340543e+00 1.024267386189279927e+00 1.027635145417520324e+00 1.030985827667171506e+00 1.037636225384042099e+00 1.044219173842004578e+00 1.050735335557735572e+00 1.057185407999946758e+00 1.063570106123041814e+00 1.079250583250551232e+00 1.094538256443145174e+00 1.109444204577126669e+00 1.123979209301571913e+00 1.138153716407589000e+00 1.151977825317347159e+00 1.165461290750723133e+00 1.178613530005739207e+00
3.002020202020202078e+02 9.999440882208262549e-01 1.003431431877866764e+00 1.006902703894888340e+00 1.010357222436720326e+00 1.013794712296570033e+00 1.017215058215474643e+00 1.020618223896473831e+00 1.024004217292331598e+00 1.027373073265745562e+00 1.030724843998172879e+00 1.037377392916008834e+00 1.043962457110890751e+00 1.050480698226585075e+00 1.056932813192598797e+00 1.063319516635785611e+00 1.079004843314629536e+00 1.094297131952590707e+00 1.109207462726566895e+00 1.123746619649983458e+00 1.137925051510461305e+00 1.151752861127410821e+00 1.165239806879681872e+00 1.178395309894917808e+00
3.012121212121211897e+02 9.996627214421572871e-01 1.003151198530632948e+00 1.006623608056223862e+00 1.010079262582014525e+00 1.013517884211146303e+00 1.016939356135507344e+00 1.020343641072165353e+00 1.023730746304722494e+00 1.027100706220991366e+00 1.030453572654301597e+00 1.037108287263801554e+00 1.043695481751522047e+00 1.050215816882742681e+00 1.056669989044517255e+00 1.063058712534276307e+00 1.078748925813899806e+00 1.094045867278340189e+00 1.108960618409084109e+00 1.123503965590249010e+00 1.137686360612334191e+00 1.151517909697394870e+00 1.165008374887322562e+00 1.178167181141970721e+00
3.022222222222222285e+02 9.993712178108861144e-01 1.002860835526610206e+00 1.006334389868067447e+00 1.009791187750553210e+00 1.013230948565579270e+00 1.016653553943786648e+00 1.020058965608777735e+00 1.023447190170052590e+00 1.026818261537144839e+00 1.030172231192863164e+00 1.036829126571298332e+00 1.043418466467914696e+00 1.049940910764669333e+00 1.056397155303645530e+00 1.062787914051713578e+00 1.078483052093263561e+00 1.093784684740435331e+00 1.108703894793004574e+00 1.123251471021063708e+00 1.137437868232552107e+00 1.151273196065116577e+00 1.164767220234677936e+00 1.177929369542285887e+00
3.032323232323232105e+02 9.990697876576649650e-01 1.002560553550046807e+00 1.006035260362101225e+00 1.009493209314710871e+00 1.012934117066002004e+00 1.016357863673207795e+00 1.019764409858981313e+00 1.023153761553825314e+00 1.026525952185669777e+00 1.029881032884477188e+00 1.036540124687357567e+00 1.043131625661007478e+00 1.049656194799956310e+00 1.056114527399531378e+00 1.062507337095621285e+00 1.078207439154900360e+00 1.093513802300716042e+00 1.108437510674510573e+00 1.122989355456513350e+00 1.137179794494816543e+00 1.151018940863085760e+00 1.164516563969149487e+00 1.177682096470562323e+00
3.042424242424242493e+02 9.987586371283048159e-01 1.002250559095689608e+00 1.005726426375923799e+00 1.009185534448272525e+00 1.012627597215521869e+00 1.016052493149276703e+00 1.019460181963761425e+00 1.022850668905632476e+00 1.026223986917950359e+00 1.029580186775587602e+00 1.036241491228670819e+00 1.042835169491836522e+00 1.049361879668810671e+00 1.055822316507111447e+00 1.062217193311950192e+00 1.077922299723081956e+00 1.093233433628317153e+00 1.108161680543771732e+00 1.122717834092801459e+00 1.136912355194477975e+00 1.150755360386347848e+00 1.164256622792844587e+00 1.177425578949623963e+00
3.052525252525252313e+02 9.984379682444454174e-01 1.001931054529624721e+00 1.005408090614070549e+00 1.008868366187634535e+00 1.012311592375595204e+00 1.015737646051655396e+00 1.019146485914133482e+00 1.022538116521034102e+00 1.025912570327346174e+00 1.029269897750677343e+00 1.035933431642291680e+00 1.042529303944378150e+00 1.049058171867206957e+00 1.055520729610169184e+00 1.061917690148815208e+00 1.077627842308616968e+00 1.092943788164769892e+00 1.107876614650658453e+00 1.122437117874557577e+00 1.136635761865391059e+00 1.150482666659835340e+00 1.163987609130415990e+00 1.177160029718703260e+00
3.062626262626262701e+02 9.981079789639067945e-01 1.001602238149809310e+00 1.005080451708717293e+00 1.008541903492673919e+00 1.011986301827075163e+00 1.015413521975375044e+00 1.018823521612523209e+00 1.022216304603102310e+00 1.025591902910888420e+00 1.028950366594132859e+00 1.035616147267816700e+00 1.042214230888028670e+00 1.048745273769666086e+00 1.055209969564398387e+00 1.061609030919849594e+00 1.077324271272871670e+00 1.092645071188661277e+00 1.107582519070006599e+00 1.122147413560646401e+00 1.136350221846247566e+00 1.150201067505207009e+00 1.163709731196354236e+00 1.176885657301180332e+00
3.072727272727272521e+02 9.977688632407339941e-01 1.001264304246286319e+00 1.004743704280067096e+00 1.008206341307302356e+00 1.011651920830920037e+00 1.015080316491714596e+00 1.018491484933801372e+00 1.021885429323611927e+00 1.025262181130638384e+00 1.028621790051747587e+00 1.035289835399189950e+00 1.041890148139715144e+00 1.048423383691654109e+00 1.054890235160083067e+00 1.061291414867151284e+00 1.077011786891387102e+00 1.092337483879852300e+00 1.107279595766409663e+00 1.121848923789511510e+00 1.136055938346429484e+00 1.149910766607165513e+00 1.163423193061754679e+00 1.176602666071755010e+00
3.082828282828282909e+02 9.974208110848854503e-01 1.000917443161041476e+00 1.004398038996368037e+00 1.007861870619653821e+00 1.011308640688545424e+00 1.014738221208702829e+00 1.018150567785945038e+00 1.021545682883868933e+00 1.024923597474658443e+00 1.028284360891851712e+00 1.034954689346123002e+00 1.041557249525598250e+00 1.048092695951562847e+00 1.054561721184353429e+00 1.060965037223814633e+00 1.076690585417024115e+00 1.092021223383238038e+00 1.106968042658531992e+00 1.121541847144003956e+00 1.135753110511319219e+00 1.149611963579229235e+00 1.163128194720518538e+00 1.176311256323038457e+00
3.092929292929292728e+02 9.970640086215387665e-01 1.000561841347468617e+00 1.004043642633547506e+00 1.007508678521865875e+00 1.010956648801767610e+00 1.014387423831223156e+00 1.017800958170298253e+00 1.021197253575101049e+00 1.024576340517556972e+00 1.027938267965996078e+00 1.034610898495087028e+00 1.041215724942339271e+00 1.047753400932248224e+00 1.054224618482992870e+00 1.060630089275985011e+00 1.076360859142655002e+00 1.091696482871995721e+00 1.106648053682898203e+00 1.121226378215674391e+00 1.135441933487069788e+00 1.149304854028933676e+00 1.162824932154947755e+00 1.176011624331541272e+00
3.103030303030303116e+02 9.966986381500095860e-01 1.000197681429447760e+00 1.003680698134435945e+00 1.007146948269474596e+00 1.010596128732340393e+00 1.014028108220700997e+00 1.017442840241402413e+00 1.020840325838455520e+00 1.024220594980628229e+00 1.027583696269241287e+00 1.034258648369852152e+00 1.040865760417923225e+00 1.047405685142123399e+00 1.053879114021778030e+00 1.060286758424457521e+00 1.076022796463342868e+00 1.091363451610334989e+00 1.106319818857161463e+00 1.120902707668528064e+00 1.135122598484797463e+00 1.148989629622453990e+00 1.162513597400773646e+00 1.175703962423053417e+00
3.113131313131312936e+02 9.963248782022380290e-01 9.998251422599908622e-01 1.003309384667573356e+00 1.006776859340353658e+00 1.010227260261057358e+00 1.013660454454347271e+00 1.017076394366387637e+00 1.020475080324519057e+00 1.023856541791515973e+00 1.027220826999959646e+00 1.033898120691583822e+00 1.040507538172003921e+00 1.047049731275760731e+00 1.053525390947340989e+00 1.059935228245776129e+00 1.075676581938029397e+00 1.091022315015715449e+00 1.105983524342820878e+00 1.120571022302206288e+00 1.134795292844215320e+00 1.148666478148628434e+00 1.162194378611547840e+00 1.175388459037394417e+00
3.123232323232323324e+02 9.959429036008403680e-01 9.994443989794382643e-01 1.002929877685554194e+00 1.006398587493223751e+00 1.009850219446392527e+00 1.013284638883946043e+00 1.016701797183903411e+00 1.020101693952397248e+00 1.023484358143426309e+00 1.026849837619177697e+00 1.033529493438441138e+00 1.040141236675778069e+00 1.046685718274004584e+00 1.053163628647521222e+00 1.059575678552826306e+00 1.075322396350681275e+00 1.090673254720516239e+00 1.105639352507383100e+00 1.120231505114603010e+00 1.134460200096650828e+00 1.148335583582376529e+00 1.161867460122421036e+00 1.175065298792509871e+00
3.133333333333333144e+02 9.955528855166938529e-01 9.990556230731959531e-01 1.002542348982911058e+00 1.006012304825664172e+00 1.009465178682664277e+00 1.012900834194162991e+00 1.016319221662562278e+00 1.019720339968284373e+00 1.023104217553836071e+00 1.026470901909422695e+00 1.033152940904683792e+00 1.039767030711324702e+00 1.046313821383570986e+00 1.052794002811197283e+00 1.059208285454893650e+00 1.074960416770895044e+00 1.090316448633150692e+00 1.105287481985936404e+00 1.119884335363868999e+00 1.134117500027466585e+00 1.147997126147491054e+00 1.161533022513274949e+00 1.174734662547935349e+00
3.143434343434343532e+02 9.951549915260504697e-01 9.986589824289943129e-01 1.002146966753508561e+00 1.005618179831665460e+00 1.009072306757718307e+00 1.012509209460356718e+00 1.015928837158884823e+00 1.019331188003551825e+00 1.022716289922707578e+00 1.026084190033061283e+00 1.032768633759260091e+00 1.039385091430450769e+00 1.045934212216113934e+00 1.052416685487590486e+00 1.058833221417187387e+00 1.074590816613951949e+00 1.089952070998603251e+00 1.104928087742146792e+00 1.119529688629828268e+00 1.133767368737858217e+00 1.147651282378784332e+00 1.161191242671214319e+00 1.174396727467584389e+00
3.153535353535353352e+02 9.947493856671500989e-01 9.982546413936331797e-01 1.001743895647442040e+00 1.005216377458643784e+00 1.008671768910087696e+00 1.012109930205874697e+00 1.015530809474730178e+00 1.018934404132296301e+00 1.022320741590166282e+00 1.025689868590107690e+00 1.032376739103857632e+00 1.038995586412969185e+00 1.045547058806746588e+00 1.052031845145002142e+00 1.058450655319798317e+00 1.074213765700280820e+00 1.089580292458374178e+00 1.104561341128638352e+00 1.119167736874765895e+00 1.133409978706013455e+00 1.147298225183605469e+00 1.160842293852380802e+00 1.174051667081860151e+00
3.163636363636363740e+02 9.943362284963273012e-01 9.978427608292383955e-01 1.001333296827413122e+00 1.004807059163971283e+00 1.008263726885642253e+00 1.011703158458834961e+00 1.015125300914203388e+00 1.018530150928384836e+00 1.021917735393665261e+00 1.025288100675504577e+00 1.031977420530431067e+00 1.038598679724462626e+00 1.045152525672017552e+00 1.051639646729006561e+00 1.058060752516101211e+00 1.073829430314364730e+00 1.089201280109832748e+00 1.104187409946770337e+00 1.118798648503595450e+00 1.133045498847648158e+00 1.146938123902695006e+00 1.160486345743131142e+00 1.173699651349101813e+00
3.173737373737373559e+02 9.939156771435837534e-01 9.974234981689626967e-01 1.000915328024575279e+00 1.004390382970939521e+00 1.007848338993690529e+00 1.011289052808351130e+00 1.014712470340006778e+00 1.018118587521918750e+00 1.021507430724577281e+00 1.024879045935837674e+00 1.031570838178137217e+00 1.038194531973442469e+00 1.044750773867293647e+00 1.051240251720052310e+00 1.057663674890555239e+00 1.073437973263013490e+00 1.088815197564950932e+00 1.103806458505782073e+00 1.118422588423377606e+00 1.132674094575859325e+00 1.146571144370371442e+00 1.160123564520494588e+00 1.173340846716320218e+00
3.183838383838383947e+02 9.934878853676402111e-01 9.969970074721682396e-01 1.000490143593842030e+00 1.003966503524197362e+00 1.007425760162540262e+00 1.010867768460222305e+00 1.014292473229244429e+00 1.017699869655164679e+00 1.021089983584242855e+00 1.024462860625495964e+00 1.031157148789729527e+00 1.037783300367963735e+00 1.044341961043585787e+00 1.050833818190483937e+00 1.057259580915929753e+00 1.073039553933069268e+00 1.088422205008422683e+00 1.103418647681305043e+00 1.118039718102199043e+00 1.132295927860351048e+00 1.146197448974043853e+00 1.159754112911986157e+00 1.172975416179258490e+00
3.193939393939393767e+02 9.930530036104217029e-01 9.965634394790433559e-01 1.000057894568632477e+00 1.003535572144623522e+00 1.006996141994497052e+00 1.010439457292044541e+00 1.013865461728667539e+00 1.017274149737912525e+00 1.020665546639433430e+00 1.024039697662252779e+00 1.030736505767362310e+00 1.037365138771637829e+00 1.043926241503767782e+00 1.050420500860964390e+00 1.056848625709919665e+00 1.072634328348465615e+00 1.088022459255154173e+00 1.103024134973239700e+00 1.117650195627398091e+00 1.131911157285974801e+00 1.145817196713060371e+00 1.159378150254707140e+00 1.172603519341737011e+00
3.204040404040404155e+02 9.926111790509931643e-01 9.961229416646633084e-01 9.996187287150534173e-01 1.003097736883633573e+00 1.006559632820280603e+00 1.010004267907756992e+00 1.013431584709321154e+00 1.016841576902240973e+00 1.020234269277243255e+00 1.023609706682266918e+00 1.030309059227797475e+00 1.036940197759051774e+00 1.043503766258198295e+00 1.050000451156292147e+00 1.056430961091141763e+00 1.072222449226678531e+00 1.087616113807110318e+00 1.102623074562970817e+00 1.117254175763125801e+00 1.131519938110597590e+00 1.145430543256851896e+00 1.158995832553754823e+00 1.172225312474299175e+00
3.214141414141413975e+02 9.921625556589175332e-01 9.956756582924699561e-01 9.991727905855023462e-01 1.002653142576898526e+00 1.006116377752877877e+00 1.009562345691598084e+00 1.012990987820626021e+00 1.016402297056709036e+00 1.019796297659377959e+00 1.023173034094478684e+00 1.029874956057016844e+00 1.036508624670587686e+00 1.043074683079729281e+00 1.049573817260597730e+00 1.056006735634526850e+00 1.071804066034533820e+00 1.087203318909522043e+00 1.102215617369935785e+00 1.116851810007233770e+00 1.131122422322294208e+00 1.145037641002403683e+00 1.158607312539936096e+00 1.171840948572141050e+00
3.224242424242424363e+02 9.917072742470426361e-01 9.952217304671827636e-01 9.987202215716991516e-01 1.002201930897493209e+00 1.005666518740796267e+00 1.009113832861479487e+00 1.012543813543856475e+00 1.015956452939939858e+00 1.019351774775860031e+00 1.022729823134418181e+00 1.029434339964240941e+00 1.036070563666625421e+00 1.042639136558114465e+00 1.049140744171935813e+00 1.055576094726078162e+00 1.071379325043391173e+00 1.086784221606447609e+00 1.101801911107531895e+00 1.116443246647502496e+00 1.130718758695864024e+00 1.144638639131024149e+00 1.158212739726769858e+00 1.171450577412337379e+00
3.234343434343434183e+02 9.912454725236838904e-01 9.947612961870972992e-01 9.982611599570981875e-01 1.001744240408429798e+00 1.005210194620706821e+00 1.008658868521741470e+00 1.012090201245007703e+00 1.015504184173603219e+00 1.018900840498100369e+00 1.022280213917384550e+00 1.028987351535298078e+00 1.035626155781122604e+00 1.042197268153755241e+00 1.048701373756215194e+00 1.055139180616982530e+00 1.070948369383661447e+00 1.086358965795657161e+00 1.101382100338342385e+00 1.116028630817174294e+00 1.130309092848636121e+00 1.144233683664406698e+00 1.157812260466787313e+00 1.171054345610333280e+00
3.244444444444444571e+02 9.907772851442339102e-01 9.942944903958125247e-01 9.977957409687321366e-01 1.001280206614605373e+00 1.004747541169514147e+00 1.008197588715325388e+00 1.011630287227074820e+00 1.015045627314790977e+00 1.018443631631388957e+00 1.021824343491034126e+00 1.028534128285415461e+00 1.035175538974582254e+00 1.041749216250872800e+00 1.048255844800534575e+00 1.054696132477108472e+00 1.070511339098697334e+00 1.085927692282893986e+00 1.100956326528711671e+00 1.115608104549825397e+00 1.129893567295615853e+00 1.143822917520015192e+00 1.157406018007121284e+00 1.170652396675737394e+00
3.254545454545454390e+02 9.903028437621507196e-01 9.938214450333308081e-01 9.973240968284232677e-01 1.000809962014129306e+00 1.004278691155780834e+00 1.007730126475309795e+00 1.011164204781691556e+00 1.014580915907764558e+00 1.017980281966736289e+00 1.021362345887322221e+00 1.028074804711351709e+00 1.034718848186372053e+00 1.041295116209986826e+00 1.047804293065846659e+00 1.054247086447842596e+00 1.070068371198013013e+00 1.085490538835428120e+00 1.100524728102633354e+00 1.115181806833534184e+00 1.129472321503905974e+00 1.143406480565741346e+00 1.156994152544379650e+00 1.170244871067376957e+00
3.264646464646464779e+02 9.898222770793464464e-01 9.933422890865626353e-01 9.968463568033997246e-01 1.000333636149044025e+00 1.003803774390561232e+00 1.007256611875843477e+00 1.010692084240170985e+00 1.014110180535085837e+00 1.017510922332107270e+00 1.020894352173832731e+00 1.027609512342910758e+00 1.034256215386424760e+00 1.040835100419795323e+00 1.047346851338995632e+00 1.053792175694280076e+00 1.069619599709851432e+00 1.085047640234974908e+00 1.100087440494960989e+00 1.114749873664375279e+00 1.129045491946452762e+00 1.142984509673875770e+00 1.156576801278811573e+00 1.169831906247643660e+00
3.274747474747474598e+02 9.893357108959657253e-01 9.928571486392065992e-01 9.963626472562792102e-01 9.998513556554193826e-01 1.003322917777597301e+00 1.006777172082449878e+00 1.010214053023899217e+00 1.013633548868123846e+00 1.017035680643015860e+00 1.020420490504469146e+00 1.027138379793821166e+00 1.033787769626284492e+00 1.040369298348393867e+00 1.046883649484103174e+00 1.053331530456764975e+00 1.069165155733091233e+00 1.084599128329924334e+00 1.099644596203938507e+00 1.114312438099218205e+00 1.128613212155088696e+00 1.142557138774356496e+00 1.156154098467756963e+00 1.169413636736112982e+00
3.284848484848484986e+02 9.888432681595389351e-01 9.923661469210195429e-01 9.958730916944518174e-01 9.993632443128341869e-01 1.002836245362902279e+00 1.006291931401704476e+00 1.009730235694121792e+00 1.013151145716926882e+00 1.016554681952502204e+00 1.019940886169517169e+00 1.026661532811973698e+00 1.033313637089523951e+00 1.039897836593854485e+00 1.046414814493300094e+00 1.052865278101788427e+00 1.068705167488492647e+00 1.084145132086909324e+00 1.099196324843063621e+00 1.113869630307843028e+00 1.128175612772872372e+00 1.142124498907327368e+00 1.155726175478378748e+00 1.168990194162440988e+00
3.294949494949494806e+02 9.883450690135212602e-01 9.918694043564553198e-01 9.953778108188149343e-01 9.988694230932184670e-01 1.002343878383701981e+00 1.005801011330277550e+00 1.009240754001078377e+00 1.012663093079453347e+00 1.016068048500449628e+00 1.019455661645062516e+00 1.026179094329018104e+00 1.032833941141504619e+00 1.039420838934146385e+00 1.045940470536811828e+00 1.052393543172206236e+00 1.068239760369269042e+00 1.083685777641688164e+00 1.098742753192243793e+00 1.113421577624356562e+00 1.127732821605736291e+00 1.141686718274983248e+00 1.155293160839690136e+00 1.168561707318541032e+00
3.305050505050505194e+02 9.878412308452066970e-01 9.913670386126827161e-01 9.948769225719017451e-01 9.983700102090773409e-01 1.001845935316760583e+00 1.005304530603357227e+00 1.008745726932521070e+00 1.012169510190183308e+00 1.015575899762286127e+00 1.018964936641776342e+00 1.025691184509316400e+00 1.032348802378499464e+00 1.038938426376420976e+00 1.045460739012387563e+00 1.051916447436823665e+00 1.067769056991004106e+00 1.083221188349370090e+00 1.098284005248293616e+00 1.112968404597927119e+00 1.127284963673435225e+00 1.141243922292704660e+00 1.154855180293864692e+00 1.168128302210049041e+00
3.315151515151515014e+02 9.873318683330082335e-01 9.908591646469727676e-01 9.943705421853626936e-01 9.978651211610763960e-01 1.001342531926060264e+00 1.004802605242421709e+00 1.008245270761577439e+00 1.011670513568075469e+00 1.015078352497034375e+00 1.018468828153046957e+00 1.025197920798249118e+00 1.031858338676157505e+00 1.038450717205632090e+00 1.044975738594069892e+00 1.051434109939304085e+00 1.067293177240895341e+00 1.082751484833947009e+00 1.097820202274732537e+00 1.112510233042820484e+00 1.126832161259795795e+00 1.140796233639499224e+00 1.154412356846827858e+00 1.167690102107060701e+00
3.325252525252525402e+02 9.868170934931224103e-01 9.903458947534574675e-01 9.938587822268275529e-01 9.973548687849949079e-01 1.000833781309851345e+00 1.004295348602384452e+00 1.007739499093989854e+00 1.011166217063891093e+00 1.014575520794719354e+00 1.017967450502485161e+00 1.024699417969882287e+00 1.031362665237332221e+00 1.037957827032505831e+00 1.044485585280314099e+00 1.050946647046428151e+00 1.066812238326329210e+00 1.082276785037161737e+00 1.097351462850913562e+00 1.112047182087755548e+00 1.126374533962269719e+00 1.140343772307734760e+00 1.153964810818157938e+00 1.167247227594158110e+00
3.335353535353535221e+02 9.862970157255486203e-01 9.898273386092550918e-01 9.933417526461234548e-01 9.968393632980466768e-01 1.000319793947063385e+00 1.003782871418096967e+00 1.007228522914706659e+00 1.010656731906873995e+00 1.014067516123139612e+00 1.017460915390766552e+00 1.024195788173973831e+00 1.030861894639240051e+00 1.037459868840860944e+00 1.043990392441447090e+00 1.050454172495688177e+00 1.066326354822795475e+00 1.081797204266697454e+00 1.096877902920458059e+00 1.111579368224564490e+00 1.125912198740790959e+00 1.139886655652164515e+00 1.153512659890257863e+00 1.166799796619722107e+00
3.345454545454545610e+02 9.857717418594944547e-01 9.893036033199684720e-01 9.928195608208715273e-01 9.963187123445669258e-01 9.998006777430876735e-01 1.003265281850217239e+00 1.006712450633838296e+00 1.010142166750798154e+00 1.013554447373991030e+00 1.016949331941849444e+00 1.023687140982349808e+00 1.030356136879990947e+00 1.036956953034280593e+00 1.043490270866478387e+00 1.049956797442230805e+00 1.065835638721130740e+00 1.081312855243702797e+00 1.096399635839023334e+00 1.111106905356170405e+00 1.125445269965950956e+00 1.139424998438266723e+00 1.153056019156843970e+00 1.166347924544539838e+00
3.355555555555555429e+02 9.852413761981367868e-01 9.887747934645381154e-01 9.922923116014401579e-01 9.957930210410528282e-01 9.992765380749102366e-01 1.002742685530439548e+00 1.006191388131975506e+00 1.009622627719362953e+00 1.013036420908353330e+00 1.016432806748530426e+00 1.023173583434617173e+00 1.029845499424454580e+00 1.036449187482115120e+00 1.042985328809239221e+00 1.049454630505132435e+00 1.065340199474099636e+00 1.080823848149633504e+00 1.095916772421386076e+00 1.110629904843885019e+00 1.124973859466465997e+00 1.138958912889887598e+00 1.152595001170717781e+00 1.165891724189700218e+00
3.365656565656565817e+02 9.847060205627533591e-01 9.882410111394804852e-01 9.917601073552673174e-01 9.952623920205888597e-01 9.987474778356181249e-01 1.002215185606082137e+00 1.005665438804860701e+00 1.009098218450953155e+00 1.012513540601524431e+00 1.015911443917373314e+00 1.022655220083246608e+00 1.029330087249482162e+00 1.035936677564852193e+00 1.042475672033893908e+00 1.048947777813024063e+00 1.064840144042312975e+00 1.080330290672432803e+00 1.095429420987847235e+00 1.110148475554014302e+00 1.124498076575976890e+00 1.138488508736172689e+00 1.152129715990847458e+00 1.165431305883787516e+00
3.375757575757575637e+02 9.841657743362327571e-01 9.877023560024807969e-01 9.912230480105499453e-01 9.947269254766177848e-01 9.982135974782693211e-01 1.001682882784042272e+00 1.005134703607429847e+00 1.008569040142761830e+00 1.011985907887230640e+00 1.015385345112981286e+00 1.022132153038000535e+00 1.028810002888483677e+00 1.035419526218831487e+00 1.041961403859770874e+00 1.048436343049066855e+00 1.064335576939484440e+00 1.079832288052045453e+00 1.094937687409972993e+00 1.109662723903797943e+00 1.124018028179147421e+00 1.138013893257838305e+00 1.151660271228752253e+00 1.164966777509379270e+00
3.385858585858586025e+02 9.836207345059436724e-01 9.871589253153616461e-01 9.906812310993032833e-01 9.941867192060916958e-01 9.976749950591224936e-01 1.001145875374118921e+00 1.004599281097215080e+00 1.008035191594272906e+00 1.011453621801181813e+00 1.014854609601643531e+00 1.021604482009720094e+00 1.028285346475359185e+00 1.034897833980302995e+00 1.041442625205564410e+00 1.047920427495261819e+00 1.063826600277034018e+00 1.079329943125261426e+00 1.094441675155662486e+00 1.109172753906665809e+00 1.123533818757096459e+00 1.137535171332735295e+00 1.151186772094201727e+00 1.164498244548844985e+00
3.395959595959595845e+02 9.830709957059827753e-01 9.866108139864167015e-01 9.901347517997838299e-01 9.936418686519818966e-01 9.971317662802389181e-01 1.000604259331689727e+00 1.004059267477103612e+00 1.007496769250104007e+00 1.010916779023998791e+00 1.014319334294329300e+00 1.021072304353471072e+00 1.027756215787780869e+00 1.034371699028854508e+00 1.040919434632879614e+00 1.047400130076121538e+00 1.063313313808023963e+00 1.078823356369905895e+00 1.093941485333543184e+00 1.108678667216824953e+00 1.123045550432148376e+00 1.137052445480740026e+00 1.150709321440223309e+00 1.164025810129464045e+00
3.406060606060606233e+02 9.825166502587975303e-01 9.860581146121258911e-01 9.895837029782924565e-01 9.930924669451726139e-01 9.965840045314550144e-01 1.000058128299769811e+00 1.003514756637482463e+00 1.006953867242225797e+00 1.010375473923504241e+00 1.013779613789058898e+00 1.020535715111065223e+00 1.027222706289849796e+00 1.033841217230188292e+00 1.040391928389139187e+00 1.046875547401694195e+00 1.062795814970457942e+00 1.078312625948373960e+00 1.093437216736714790e+00 1.108180563173182254e+00 1.122553323011907134e+00 1.136565815907971899e+00 1.150228019807434832e+00 1.163549575067843733e+00
3.416161616161616053e+02 9.819577882161735216e-01 9.855009175182338765e-01 9.890281752303463625e-01 9.925386049457096682e-01 9.960318009317218335e-01 9.995075736504361874e-01 1.002965840197738157e+00 1.006406577431537608e+00 1.009829798596377337e+00 1.013235540412633640e+00 1.019994807052918340e+00 1.026684911174098547e+00 1.033306482178257824e+00 1.039860200449838290e+00 1.046346773809934572e+00 1.062274198929922919e+00 1.077797847750493698e+00 1.092928965885828330e+00 1.107678538842602478e+00 1.122057234032670880e+00 1.136075380550333636e+00 1.149742965467697386e+00 1.163069637913674459e+00
3.426262626262626441e+02 9.813944973996138188e-01 9.849393108002149066e-01 9.884682569212199788e-01 9.919803712834371900e-01 9.954752443698188236e-01 9.989526845256171406e-01 1.002412607547124024e+00 1.005854989448823122e+00 1.009279842909182268e+00 1.012687204261729201e+00 1.019449670719301704e+00 1.026142921402864783e+00 1.032767585236769481e+00 1.039324342560170811e+00 1.045813901408439994e+00 1.061748558621577354e+00 1.077279115435764822e+00 1.092416827071506669e+00 1.107172689062499771e+00 1.121557378802175098e+00 1.135581235116381205e+00 1.149254254467092951e+00 1.162586094992794639e+00
3.436363636363636260e+02 9.808268634400879593e-01 9.843733803631157242e-01 9.879040342258794682e-01 9.914178523980125002e-01 9.949144215444506445e-01 9.983935478772745231e-01 1.001855145885025333e+00 1.005299190735073900e+00 1.008725694538771700e+00 1.012134693243381012e+00 1.018900394460952707e+00 1.025596825749043539e+00 1.032224615580054294e+00 1.038784444276015462e+00 1.045277020115564115e+00 1.061218984791526099e+00 1.076756520474935863e+00 1.091900892396126421e+00 1.106663106482792314e+00 1.121053850441688704e+00 1.135083473129548270e+00 1.148761980668249194e+00 1.162099040449598553e+00
3.446464646464646648e+02 9.802549698171743042e-01 9.838032099607714187e-01 9.873355911682899499e-01 9.908511325782924928e-01 9.943494170037220359e-01 9.978302485069515670e-01 1.001293540260579595e+00 1.004739266581202495e+00 1.008167439012062738e+00 1.011578093114827936e+00 1.018347064479062203e+00 1.025046710836199582e+00 1.031677660233310867e+00 1.038240593004299051e+00 1.044736217700869219e+00 1.060685566037527172e+00 1.076230152190941203e+00 1.091381251814946607e+00 1.106149881607191299e+00 1.120546739927444024e+00 1.134582185969692736e+00 1.148266235791994161e+00 1.161608566288778732e+00
3.456565656565656468e+02 9.796788978975716766e-01 9.832288812344167628e-01 9.867630096601013312e-01 9.902802940011039556e-01 9.937803131839826332e-01 9.972628691047020766e-01 1.000727873611684249e+00 1.004175300167115870e+00 1.007605159745190937e+00 1.011017487522736236e+00 1.017789764864633018e+00 1.024492661178055597e+00 1.031126804112210804e+00 1.037692874042712710e+00 1.044191579824970351e+00 1.060148388849075696e+00 1.075700097799203059e+00 1.090857993176592489e+00 1.105633102833846193e+00 1.120036136131425941e+00 1.134077462914001577e+00 1.147767109458351475e+00 1.161114762416395774e+00
3.466666666666666856e+02 9.790987269730261344e-01 9.826504737506928100e-01 9.861863695387427242e-01 9.897054167694244731e-01 9.932071904480855862e-01 9.966914902874248749e-01 1.000158226803408823e+00 1.003607372600199277e+00 1.007038938082067681e+00 1.010452958041823779e+00 1.017228577637239617e+00 1.023934759217377533e+00 1.030572130061901959e+00 1.037141370618840375e+00 1.043643190078759275e+00 1.059607537646881203e+00 1.075166442447311299e+00 1.090331202262923460e+00 1.105112856495373386e+00 1.119522125861525552e+00 1.133569391177260410e+00 1.147264689226905610e+00 1.160617716680325762e+00
3.476767676767676676e+02 9.785145342976290239e-01 9.820680650390241073e-01 9.856057486048855898e-01 9.891265789499212868e-01 9.926301271230132395e-01 9.961161906365652019e-01 9.995846786657704985e-01 1.003035562953168425e+00 1.006468853332295854e+00 1.009884584212854541e+00 1.016663582783151831e+00 1.023373085364225776e+00 1.030013718895388619e+00 1.036586163928630899e+00 1.043091130021991608e+00 1.059063094821690587e+00 1.074629269254062214e+00 1.089800962828244568e+00 1.104589226898217591e+00 1.119004793901037909e+00 1.133058055951463139e+00 1.146759060636506566e+00 1.160117514910033121e+00
3.486868686868687064e+02 9.779263951245213971e-01 9.814817306284236986e-01 9.850212226593249021e-01 9.885438566099173929e-01 9.920491995369162819e-01 9.955370467352301356e-01 9.990073060309211384e-01 1.002459948301332116e+00 1.005894982808506866e+00 1.009312443580032470e+00 1.016094858292863057e+00 1.022807718033610147e+00 1.029451649431289528e+00 1.036027333174290410e+00 1.042535479221274652e+00 1.058515140772511076e+00 1.074088659347888886e+00 1.089267356637918294e+00 1.104062296361418838e+00 1.118484223047558457e+00 1.132543540444807650e+00 1.146250307244346622e+00 1.159614240955724629e+00
3.496969696969696884e+02 9.773343827420116758e-01 9.808915440836719624e-01 9.844328655392465821e-01 9.879573238537349145e-01 9.914644820555350568e-01 9.949541332046927256e-01 9.984261837697270270e-01 1.001880603759236932e+00 1.005317401863080384e+00 1.008736611727798493e+00 1.015522480198019384e+00 1.022238733682534484e+00 1.028885998531009260e+00 1.035464955601544501e+00 1.041976315287445498e+00 1.057963753944227703e+00 1.073544691904664505e+00 1.088730463506345503e+00 1.103532145254734198e+00 1.117960494151226003e+00 1.132025925920049136e+00 1.145738510664413567e+00 1.159107976726865941e+00
3.507070707070707272e+02 9.767385685090709257e-01 9.802975770409139145e-01 9.838407491539054028e-01 9.873670528584547190e-01 9.908760471180411145e-01 9.943675227403011574e-01 9.978413848277546405e-01 1.001297602516729723e+00 1.004736183924264781e+00 1.008157162317013800e+00 1.014946522607726775e+00 1.021666206846433500e+00 1.028316841135290094e+00 1.034899106536311342e+00 1.041413713912330508e+00 1.057409010864588828e+00 1.072997444184908833e+00 1.088190361334328449e+00 1.102998852036157329e+00 1.117433686152363714e+00 1.131505291732245011e+00 1.145223750605297797e+00 1.158598802230061287e+00
3.517171717171717091e+02 9.761390218902701310e-01 9.796998992426714237e-01 9.832449435197118115e-01 9.867731139090865078e-01 9.902839652722832398e-01 9.937772861468006091e-01 9.972529802606602267e-01 1.000711015874418797e+00 1.004151400531717808e+00 1.007574167120567354e+00 1.014367057744292033e+00 1.021090210175032098e+00 1.027744250300177464e+00 1.034329859420767050e+00 1.040847748904927039e+00 1.056850986180620122e+00 1.072446991570381591e+00 1.087647126145846688e+00 1.102462493288819179e+00 1.116903876118503947e+00 1.130981715365876994e+00 1.144706104907416089e+00 1.158086795606335873e+00
3.527272727272727479e+02 9.755358104901142857e-01 9.790985785722599033e-01 9.826455167947412139e-01 9.861755754331490431e-01 9.896883052094417321e-01 9.931834923730659126e-01 9.966610392690030684e-01 1.000120913278550905e+00 1.003563121371448652e+00 1.006987696058388781e+00 1.013784155978361357e+00 1.020510814467601612e+00 1.027168297232396332e+00 1.033757285848831753e+00 1.040278492226982765e+00 1.056289752694423489e+00 1.071893407600081227e+00 1.087100832124207050e+00 1.101923143757300716e+00 1.116371139280815772e+00 1.130455272471367900e+00 1.144185649579595676e+00 1.157572033167788117e+00
3.537373737373737299e+02 9.749290000868008343e-01 9.784936810876272428e-01 9.820425353126454038e-01 9.855745040346691743e-01 9.890891337981043696e-01 9.925862085462556772e-01 9.960656292324603367e-01 9.995273623553064812e-01 1.002971414310179776e+00 1.006397817231871050e+00 1.013197885863465819e+00 1.019928088707630964e+00 1.026589051324133806e+00 1.033181455601056120e+00 1.039706014027978354e+00 1.055725381398395335e+00 1.071336764005649922e+00 1.086551551647626956e+00 1.101380876383328600e+00 1.115835549069914778e+00 1.129926036901001352e+00 1.143662458835073004e+00 1.157054589433642811e+00
3.547474747474747687e+02 9.743186546654021285e-01 9.778852710546286353e-01 9.814360636160052165e-01 9.849699645276084325e-01 9.884865161177731618e-01 9.919855000053824368e-01 9.954668157434837239e-01 9.989304289445174456e-01 1.002376345429134119e+00 1.005804596957726726e+00 1.012608314170013957e+00 1.019342100096924053e+00 1.026006580187245998e+00 1.032602436678935698e+00 1.039130382679551268e+00 1.055157941509850650e+00 1.070777130746195516e+00 1.085999355324200222e+00 1.100835762340896640e+00 1.115297177151099994e+00 1.129394080744239526e+00 1.143136605126886973e+00 1.156534537165712528e+00
3.557575757575757507e+02 9.737048364504821141e-01 9.772734109797102109e-01 9.808261644891069775e-01 9.843620199687150851e-01 9.878805154917928988e-01 9.913814303343233547e-01 9.948646626403692128e-01 9.983301771328103591e-01 1.001777979057247858e+00 1.005208099801265798e+00 1.012015505918682168e+00 1.018752914089128270e+00 1.025420949686894900e+00 1.032020295338652582e+00 1.038551664809319819e+00 1.054587500505089981e+00 1.070214576042533672e+00 1.085444312026305536e+00 1.100287871070795953e+00 1.114756093458990849e+00 1.128859474362458037e+00 1.142608159182691985e+00 1.156011947403253082e+00
3.567676767676767895e+02 9.730876059381436960e-01 9.766581616420487721e-01 9.802128989901507383e-01 9.837507316898187470e-01 9.872711935197152622e-01 9.907740613942565000e-01 9.942592320397725114e-01 9.977266692861943564e-01 1.001176377803820960e+00 1.004608388609110170e+00 1.011419524413264215e+00 1.018160594422683918e+00 1.024832223974617262e+00 1.031435096124236672e+00 1.037969925334158106e+00 1.054014124152871323e+00 1.069649166410849395e+00 1.084886488924430736e+00 1.099737270314570470e+00 1.114212366231596363e+00 1.128322286423100396e+00 1.142077190038973233e+00 1.155486889497252978e+00
3.577777777777777715e+02 9.724670219275237670e-01 9.760395821251264259e-01 9.795963264829107287e-01 9.831361593295560031e-01 9.866586101091110450e-01 9.901634533555471185e-01 9.936505843686634920e-01 9.971199660820795341e-01 1.000571602590606846e+00 1.004005524541354610e+00 1.010820431272948072e+00 1.017565203153225184e+00 1.024240465520819932e+00 1.030846901900186019e+00 1.037385227492896078e+00 1.053437876547336449e+00 1.069080966695813428e+00 1.084325951520425546e+00 1.099184026147908000e+00 1.113666062043810800e+00 1.127782583933263139e+00 1.141543765074714001e+00 1.154959431144137794e+00
3.587878787878788103e+02 9.718431415517169158e-01 9.754177298477341163e-01 9.789765046678166049e-01 9.825183608645500222e-01 9.860428235068108282e-01 9.895496647290610293e-01 9.930387783957138614e-01 9.965101265407372289e-01 9.999637126833404999e-01 1.003399567103148371e+00 1.010218286464028781e+00 1.016966800685410233e+00 1.023645735146737845e+00 1.030255773883497206e+00 1.036797632878462494e+00 1.052858820140369023e+00 1.068510040103102021e+00 1.083762763680192087e+00 1.098628203013451543e+00 1.113117245840330449e+00 1.127240432272698767e+00 1.141007950044456098e+00 1.154429638418896342e+00
3.597979797979797922e+02 9.712160203081744436e-01 9.747926605944547962e-01 9.783534896125185565e-01 9.818973926400346164e-01 9.854238903296203000e-01 9.889327523969558831e-01 9.924238712621572533e-01 9.958972080562276119e-01 9.993527657227264660e-01 1.002790574175761229e+00 1.009613148331096610e+00 1.016365445804219947e+00 1.023048092055824254e+00 1.029661771675186799e+00 1.036207201469484973e+00 1.052277015773398938e+00 1.067936448231404656e+00 1.083196987665833166e+00 1.098069863753071695e+00 1.112565980968033275e+00 1.126695895226277111e+00 1.140469809110838728e+00 1.153897575807662834e+00
3.608080808080808310e+02 9.705857120885434952e-01 9.741644285455841601e-01 9.777273357818881960e-01 9.812733093999402856e-01 9.848018655944748012e-01 9.883127716429042087e-01 9.918059185120857713e-01 9.952812664267691733e-01 9.987388177548860435e-01 1.002178602047083311e+00 1.009005073627655680e+00 1.015761195705697340e+00 1.022447593864607374e+00 1.029064953291230822e+00 1.035613991661339384e+00 1.051692522708670641e+00 1.067360251103851576e+00 1.082628684167237898e+00 1.097509069639581059e+00 1.112012329207791472e+00 1.126149035015889366e+00 1.139929404876560692e+00 1.153363306239733932e+00
3.618181818181818130e+02 9.699522692079720620e-01 9.735330863065151386e-01 9.770980960674838789e-01 9.806461643164400277e-01 9.841768027480630732e-01 9.876897761817976518e-01 9.911849741222236165e-01 9.946623558845749669e-01 9.981219232612497105e-01 1.001563705441594232e+00 1.008394117546221436e+00 1.015154106027161385e+00 1.021844296633011462e+00 1.028465375192991305e+00 1.035018060296661435e+00 1.051105398659956336e+00 1.066781507198919732e+00 1.082057912333121985e+00 1.096945880407900642e+00 1.111456350805744675e+00 1.125599912331793240e+00 1.139386798415795043e+00 1.152826891119031361e+00
3.628282828282828518e+02 9.693157424338870731e-01 9.728986849365998113e-01 9.764658218164941061e-01 9.800160090189711237e-01 9.835487536959223176e-01 9.870638181889102025e-01 9.905610905311652559e-01 9.940405291251662723e-01 9.975021351879470588e-01 1.000945937549805764e+00 1.007780333747888113e+00 1.014544230876880837e+00 1.021238254894136110e+00 1.027863092317100824e+00 1.034419462695327807e+00 1.050515699822761606e+00 1.066200273480797378e+00 1.081484729801557743e+00 1.096380354285708902e+00 1.110898104504043138e+00 1.125048586363444292e+00 1.138842049305081039e+00 1.152288390355045378e+00
3.638383838383838338e+02 9.686761810142393569e-01 9.722612739774817436e-01 9.758305628601465775e-01 9.793828936227222393e-01 9.829177688310037908e-01 9.864349483285441700e-01 9.899343186680897855e-01 9.934158373361547945e-01 9.968795049746450587e-01 1.000325350057177598e+00 1.007163774391356847e+00 1.013931622863233351e+00 1.020629521683527718e+00 1.027258158104827457e+00 1.033818252683916583e+00 1.049923480903975026e+00 1.065616605429227315e+00 1.080909192729951895e+00 1.095812548023536559e+00 1.110337647571051578e+00 1.124495114829777931e+00 1.138295215653675196e+00 1.151747862393224686e+00
3.648484848484848726e+02 9.680336327052330159e-01 9.716209014809003008e-01 9.751923675416003245e-01 9.787468667565997205e-01 9.822838970617183696e-01 9.858032157821449148e-01 9.893047079809471622e-01 9.927883302254926212e-01 9.962540825828825053e-01 9.997019931725056319e-01 1.006544490161466854e+00 1.013316333123334578e+00 1.020018148567906735e+00 1.026650624530909717e+00 1.033214482624636554e+00 1.049328795151021954e+00 1.065030557068820993e+00 1.080331355824506456e+00 1.095242516924356480e+00 1.109775035831026546e+00 1.123939554008968056e+00 1.137746354133362336e+00 1.151205364244851426e+00
3.658585858585858546e+02 9.673881437985414333e-01 9.709776140359953622e-01 9.745512827433240322e-01 9.781079755906977313e-01 9.816471858394807404e-01 9.851686682759176472e-01 9.886723064641524950e-01 9.921580560492508916e-01 9.956259165238946496e-01 9.990759156558173260e-01 1.005922530297194806e+00 1.012698411351163896e+00 1.019404185673417729e+00 1.026040542131902766e+00 1.032608203443760031e+00 1.048731694380498292e+00 1.064442180997872134e+00 1.079751272369186443e+00 1.094670314872664862e+00 1.109210323693300637e+00 1.123381958767683431e+00 1.137195520007783456e+00 1.150660951516392583e+00
3.668686868686868934e+02 9.667397591480033636e-01 9.703314567960866777e-01 9.739073539139674329e-01 9.774662658632328194e-01 9.810076811857225687e-01 9.845313521079260832e-01 9.880371606857496491e-01 9.915250616388338045e-01 9.949950538859138049e-01 9.984471648457370341e-01 1.005297942619157725e+00 1.012077905825182977e+00 1.018787681713337001e+00 1.025427960033987063e+00 1.031999464659538734e+00 1.048132229006290217e+00 1.063851528416651426e+00 1.079168994254138703e+00 1.094095994363024182e+00 1.108643564180927577e+00 1.122822382589815371e+00 1.136642767161219369e+00 1.150114678438352689e+00
3.678787878787878753e+02 9.660885221958341873e-01 9.696824735049661692e-01 9.732606250947294368e-01 9.768217819070053043e-01 9.803654277184310484e-01 9.838913121746926116e-01 9.873993158140929038e-01 9.908893924277442089e-01 9.943615403609901149e-01 9.978157866863756054e-01 1.004670773556619379e+00 1.011454863435452767e+00 1.018168684015311243e+00 1.024812925980307599e+00 1.031388314409625862e+00 1.047530448067208964e+00 1.063258649155210955e+00 1.078584572003662867e+00 1.093519606528144950e+00 1.108074808958850799e+00 1.122260877604724927e+00 1.136088148126896291e+00 1.149566597893604936e+00
3.688888888888889142e+02 9.654344749983233553e-01 9.690307065226839711e-01 9.726111389452263278e-01 9.761745666753464112e-01 9.797204686781730842e-01 9.832485919973104060e-01 9.867588156440200153e-01 9.902510924778276102e-01 9.937254202713117213e-01 9.971818257537071739e-01 1.004041068173995077e+00 1.010829329710260627e+00 1.017547238548084154e+00 1.024195486357807106e+00 1.030774799478004322e+00 1.046926399254126228e+00 1.062663591700688581e+00 1.077998054803645633e+00 1.092941201166446996e+00 1.107504108361564210e+00 1.121697494614979362e+00 1.135531714114784041e+00 1.149016761445244228e+00
3.698989898989898961e+02 9.647776582510483312e-01 9.683761968508436402e-01 9.719589367688764581e-01 9.755246617675784604e-01 9.790728459536384154e-01 9.826032337470511635e-01 9.861157026225491062e-01 9.896102045050297891e-01 9.930867365950244441e-01 9.965453252814656659e-01 1.003408870196877078e+00 1.010201348842254543e+00 1.016923389947746559e+00 1.023575686223567205e+00 1.030158965321426257e+00 1.046320128936617522e+00 1.062066403224133149e+00 1.077409490528530522e+00 1.092360826769138038e+00 1.106931511420290004e+00 1.121132283123598583e+00 1.134973515038902425e+00 1.148465219363940193e+00
3.709090909090909349e+02 9.641181113136002567e-01 9.677189841574217466e-01 9.713040585377979985e-01 9.748721074539979936e-01 9.784226001066946843e-01 9.819552782705093241e-01 9.854700178740827266e-01 9.889667699046836846e-01 9.924455309915952705e-01 9.959063271865628009e-01 1.002774222037569274e+00 1.009570963714103486e+00 1.016297181543505124e+00 1.022953569330684598e+00 1.029540856095381374e+00 1.045711682189139013e+00 1.061467129606847859e+00 1.076818925767804247e+00 1.091778530546821280e+00 1.106357065889674196e+00 1.120565291360836602e+00 1.134413599544162432e+00 1.147912020654814569e+00
3.719191919191919169e+02 9.634558722338347758e-01 9.670591068010916391e-01 9.706465429172214110e-01 9.742169427003720683e-01 9.777697703969748799e-01 9.813047651142539074e-01 9.848218012251407361e-01 9.883208287763061151e-01 9.918018438266698045e-01 9.952648720940294735e-01 1.002137164820162907e+00 1.008938215923688153e+00 1.015668655382971242e+00 1.022329178153660312e+00 1.028920514679580123e+00 1.045101102816720973e+00 1.060865815466255135e+00 1.076226405852006796e+00 1.091194358455624069e+00 1.105780818274013422e+00 1.119996566310481168e+00 1.133852015032717153e+00 1.147357213083837202e+00
3.729292929292929557e+02 9.627909777716411321e-01 9.663966018550957937e-01 9.699864272894445083e-01 9.735592051919746970e-01 9.771143948059799467e-01 9.806517325490194947e-01 9.841710912286285584e-01 9.876724199479420818e-01 9.911557141964916218e-01 9.946209993614846256e-01 1.001497738405131788e+00 1.008303145808809198e+00 1.015037852256996276e+00 1.021702553913339306e+00 1.028297982702985891e+00 1.044488433380205583e+00 1.060262504181310295e+00 1.075631974878284103e+00 1.090608355222860926e+00 1.105202813853013888e+00 1.119426153735679108e+00 1.133288807689856625e+00 1.146800843203769737e+00
3.739393939393939377e+02 9.621234634222461946e-01 9.657315051306257780e-01 9.693237477773039013e-01 9.728989313571417830e-01 9.764565100607266457e-01 9.799962175934245900e-01 9.835179251876252637e-01 9.870215810000263490e-01 9.905071799518333497e-01 9.939747471031465942e-01 1.000855981413467211e+00 1.007665792471447608e+00 1.014404811724029853e+00 1.021073736601366910e+00 1.027673300568376247e+00 1.043873715221013798e+00 1.059657237917441819e+00 1.075035675735471097e+00 1.090020564372237155e+00 1.104623096707088692e+00 1.118854098204320469e+00 1.132724022509440154e+00 1.146242956379633915e+00
3.749494949494949765e+02 9.614533634390621808e-01 9.650638511997643443e-01 9.686585392671971384e-01 9.722361563903774151e-01 9.757961516569323424e-01 9.793382560372407841e-01 9.828623391787340013e-01 9.863683482888037091e-01 9.898562777214880981e-01 9.933261522133822741e-01 1.000211931250364339e+00 1.007026193801570324e+00 1.013769572134040065e+00 1.020442765004216490e+00 1.027046507476449655e+00 1.043256988485475434e+00 1.059050057651046428e+00 1.074437550128730212e+00 1.089431028248610156e+00 1.104041709742205946e+00 1.118280443113953249e+00 1.132157703318873665e+00 1.145683596813736438e+00
3.759595959595959584e+02 9.607807108560645348e-01 9.643936734179523462e-01 9.679908354316446584e-01 9.715709142750048599e-01 9.751333538817440472e-01 9.786778824641988450e-01 9.822043680749593664e-01 9.857127569692860636e-01 9.892030429352968168e-01 9.926752503898147451e-01 9.995656241284499588e-01 1.006384386500473349e+00 1.013132170651972030e+00 1.019809676726748826e+00 1.026417641449497875e+00 1.042638292148692969e+00 1.058441003193540730e+00 1.073837638603750255e+00 1.088839788042285983e+00 1.103458694714291255e+00 1.117705230716266485e+00 1.131589892803644970e+00 1.145122807570249757e+00
3.769696969696969973e+02 9.601055375097342637e-01 9.637210039460228916e-01 9.673206687514058766e-01 9.709032378053649159e-01 9.744681498360270311e-01 9.780151302743589348e-01 9.815440455681644361e-01 9.850548410177762948e-01 9.885475098467468857e-01 9.920220761559810363e-01 9.989170950905817969e-01 1.005740406103708073e+00 1.012492643280779259e+00 1.019174508215347830e+00 1.025786739354627830e+00 1.042017664037990121e+00 1.057830113214971446e+00 1.073235980570488080e+00 1.088246883812901800e+00 1.102874092253193439e+00 1.117128502141122581e+00 1.131020632531426706e+00 1.144560630599349205e+00
3.779797979797979792e+02 9.594278740605410860e-01 9.630458737717745299e-01 9.666480705371481852e-01 9.702331586085768400e-01 9.738005714562036896e-01 9.773500317060311859e-01 9.808814041910571824e-01 9.843946332539420530e-01 9.878897115551097396e-01 9.913666628835479111e-01 9.982663780321857638e-01 1.005094287003540199e+00 1.011851024884006467e+00 1.018537294780608171e+00 1.025153836926550932e+00 1.041395140855906343e+00 1.057217425267194422e+00 1.072632614326503031e+00 1.087652354512856023e+00 1.102287941886217704e+00 1.116550297420174198e+00 1.130449962975734746e+00 1.143997106760921145e+00
3.789898989898989612e+02 9.587477500139957032e-01 9.623683127311185581e-01 9.659730709506841873e-01 9.695607071658550735e-01 9.731306495356638608e-01 9.766826178572652895e-01 9.802164753387727636e-01 9.837321653624593321e-01 9.872296800271727069e-01 9.907090428141092087e-01 9.976135057231949599e-01 1.004446062471006762e+00 1.011207349207950079e+00 1.017898070619607243e+00 1.024518968789948969e+00 1.040770758202780755e+00 1.056602975806625766e+00 1.072027577079846861e+00 1.087056238010331244e+00 1.101700282061235159e+00 1.115970655510043041e+00 1.129877923539174489e+00 1.143432275847850788e+00
3.800000000000000000e+02 9.580651937412663077e-01 9.616883495287860129e-01 9.652956990257689496e-01 9.688859128334065263e-01 9.724584137457376043e-01 9.760129187069125356e-01 9.795492892900059534e-01 9.830674679142359373e-01 9.865674461185243160e-01 9.900492470805405398e-01 9.969585098295382641e-01 1.003795764677539282e+00 1.010561648903401943e+00 1.017256868837744577e+00 1.023882168481416333e+00 1.040144550598905093e+00 1.055986800216579979e+00 1.071420904971549293e+00 1.086458571111886817e+00 1.101111150169377106e+00 1.115389614315085431e+00 1.129304552576265941e+00 1.142866176608889450e+00
